Format: [duration, memory, duration*memory/1024]

=================================== ===================================
CPU Intensive function (Linear):
[[2113.4, 128, 264.175], [1025, 256, 256.25], [673, 384, 252.375], [537, 512, 268.5], [391, 640, 244.375], [362, 768, 271.5], [308, 896, 269.5], [272, 1024, 272.0], [272, 1152, 306.0], [204, 1280, 255.0], [259, 1408, 356.125], [179, 1536, 268.5], [179, 1664, 290.875], [151, 1792, 264.25], [162, 1920, 303.75], [165, 2048, 330.0]]
selected memory:   640

[[2048.6, 128, 256.075], [1019, 256, 254.75], [680, 384, 255.0], [508, 512, 254.0], [392, 640, 245.0], [327, 768, 245.25], [286, 896, 250.25], [259, 1024, 259.0], [224, 1152, 252.0], [221, 1280, 276.25], [184, 1408, 253.0], [234, 1536, 351.0], [167, 1664, 271.375], [166, 1792, 290.5], [150, 1920, 281.25], [162, 2048, 324.0]]
selected memory:   640

[[2058.2, 128, 257.275], [1080, 256, 270.0], [662, 384, 248.25], [500, 512, 250.0], [409, 640, 255.625], [335, 768, 251.25], [284, 896, 248.5], [270, 1024, 270.0], [233, 1152, 262.125], [201, 1280, 251.25], [202, 1408, 277.75], [184, 1536, 276.0], [171, 1664, 277.875], [176, 1792, 308.0], [153, 1920, 286.875], [151, 2048, 302.0]]
selected memory:   384

------------------------- ------------------------- -------------------------
CPU Intensive function (Binary):
[[146.0, 5184, 739.125], [2144.8, 128, 268.1], [160.4, 2656, 416.0375], [2027.8, 128, 253.475], [188.2, 1392, 255.834375], [1989.0, 128, 248.625], [342.6, 760, 254.27343750000003], [2252.2, 128, 281.525], [240.8, 1076, 253.02812500000002], [441.2, 760, 327.453125], [233.60000000000002, 1234, 281.50625], [304.0, 1076, 319.4375], [219.2, 1313, 281.0640625], [240.0, 1234, 289.21875], [223.60000000000002, 1352, 295.221875], [202.0, 1313, 259.009765625], [198.4, 1332, 258.075], [202.6, 1313, 259.7791015625], [196.0, 1342, 256.8671875], [218.40000000000003, 1332, 284.09062500000005], [207.6, 1347, 273.083203125], [246.60000000000002, 1342, 323.180859375], [214.0, 1349, 281.919921875], [198.8, 1347, 261.50742187500003], [196.0, 1348, 258.015625], [201.39999999999998, 1347, 264.9275390625], [202.2, 1348, 266.17734375], [185.4, 1348, 244.06171875]]
selected memory:   1348

[[163.8, 5184, 829.2375000000001], [2045.6000000000001, 128, 255.70000000000002], [154.8, 2656, 401.51250000000005], [2045.8, 128, 255.725], [184.0, 1392, 250.125], [2065.2, 128, 258.15], [188.0, 2024, 371.59375], [186.6, 1392, 253.65937499999998], [187.4, 1708, 312.57734375], [202.0, 1392, 274.59375], [190.8, 1550, 288.80859375], [212.0, 1392, 288.1875], [184.0, 1471, 264.3203125], [205.0, 1392, 278.671875], [170.6, 1510, 251.568359375], [195.8, 1471, 281.2712890625], [208.6, 1530, 311.677734375], [169.0, 1510, 249.208984375], [184.0, 1520, 273.125], [200.4, 1510, 295.51171875], [202.4, 1525, 301.42578125], [188.6, 1520, 279.953125], [188.8, 1522, 280.61875000000003], [195.0, 1520, 289.453125], [235.0, 1523, 349.5166015625], [177.2, 1522, 263.37734374999997], [163.0, 1522, 242.271484375], [170.6, 1522, 253.56757812499998], [166.0, 1522, 246.73046875], [178.4, 1522, 265.1609375], [163.0, 1522, 242.271484375], [174.60000000000002, 1522, 259.512890625], [166.0, 1522, 246.73046875], [167.0, 1522, 248.216796875], [163.0, 1522, 242.271484375], [179.2, 1522, 266.34999999999997], [163.60000000000002, 1522, 243.16328125000004], [167.0, 1522, 248.216796875], [176.2, 1522, 261.89101562499997], [163.0, 1522, 242.271484375]]
selected memory:   1522

[[150.8, 5184, 763.4250000000001], [2053.4, 128, 256.675], [152.0, 2656, 394.25], [2008.8, 128, 251.1], [229.39999999999998, 1392, 311.840625], [2041.6, 128, 255.2], [334.0, 760, 247.890625], [2092.2, 128, 261.525], [258.8, 1076, 271.9421875], [362.0, 760, 268.671875], [1380.2000000000003, 918, 1237.3277343750003], [405.0, 760, 300.5859375], [327.6, 839, 268.414453125], [339.20000000000005, 760, 251.75000000000003], [333.8, 799, 260.4552734375], [360.79999999999995, 760, 267.78124999999994], [309.2, 819, 247.299609375], [328.6, 799, 256.3978515625], [312.4, 829, 252.90976562499998], [326.4, 819, 261.05625], [346.2, 834, 281.963671875], [359.4, 829, 290.9595703125], [313.6, 836, 256.02500000000003], [311.0, 834, 253.294921875], [311.0, 835, 253.5986328125], [347.4, 834, 282.941015625], [309.6, 835, 252.45703125000003], [300.8, 835, 245.28125]]
selected memory:   835

[[193.0, 1392, 262.359375], [2255.0, 128, 281.875], [157.0, 2024, 310.3203125], [227.4, 1392, 309.121875], [169.2, 1708, 282.2203125], [220.6, 1392, 299.878125], [169.8, 1866, 309.42070312500005], [186.2, 1708, 310.57578125], [162.60000000000002, 1945, 308.84472656250006], [154.39999999999998, 1866, 281.35781249999997], [186.2, 1905, 346.3974609375], [162.0, 1866, 295.20703125], [176.8, 1885, 325.45703125], [156.6, 1866, 285.366796875], [154.2, 1875, 282.3486328125], [180.8, 1866, 329.46562500000005], [173.0, 1880, 317.6171875], [177.8, 1875, 325.5615234375], [177.2, 1882, 325.67421874999997], [164.4, 1880, 301.828125], [176.20000000000002, 1881, 323.6642578125], [173.6, 1880, 318.71875], [143.2, 1880, 262.90625], [142.0, 1880, 260.703125]]
selected memory:   1880

------------------------- ------------------------- -------------------------
CPU Intensive function (Hill):



=================================== ****************** =================================== ******************

Memory Intensive function (Linear):

[[2.0, 128, 0.25], [2, 256, 0.5], [2, 384, 0.75], [3, 512, 1.5], [2, 640, 1.25], [2, 768, 1.5], [2, 896, 1.75], [2, 1024, 2.0], [2, 1152, 2.25]]
selected memory:   128

------------------------- -------------------------

Memory Intensive function (Binary):

[[193.0, 1392, 262.359375], [2255.0, 128, 281.875], [157.0, 2024, 310.3203125], [227.4, 1392, 309.121875], [169.2, 1708, 282.2203125], [220.6, 1392, 299.878125], [169.8, 1866, 309.42070312500005], [186.2, 1708, 310.57578125], [162.60000000000002, 1945, 308.84472656250006], [154.39999999999998, 1866, 281.35781249999997], [186.2, 1905, 346.3974609375], [162.0, 1866, 295.20703125], [176.8, 1885, 325.45703125], [156.6, 1866, 285.366796875], [154.2, 1875, 282.3486328125], [180.8, 1866, 329.46562500000005], [173.0, 1880, 317.6171875], [177.8, 1875, 325.5615234375], [177.2, 1882, 325.67421874999997], [164.4, 1880, 301.828125], [176.20000000000002, 1881, 323.6642578125], [173.6, 1880, 318.71875], [143.2, 1880, 262.90625], [142.0, 1880, 260.703125], [2.0, 1392, 2.71875], [2.0, 128, 0.25], [2.0, 760, 1.484375], [2.0, 128, 0.25], [2.0, 444, 0.8671875], [2.0, 128, 0.25], [2.0, 286, 0.55859375], [2.0, 128, 0.25], [2.0, 207, 0.404296875], [2.0, 128, 0.25], [2.0, 167, 0.326171875], [2.0, 128, 0.25], [2.0, 147, 0.287109375], [98.40000000000002, 128, 12.300000000000002], [2.6, 157, 0.3986328125], [2.0, 147, 0.287109375], [2.0, 152, 0.296875], [3.8000000000000003, 147, 0.5455078125], [2.0, 154, 0.30078125], [2.0, 152, 0.296875], [2.0, 153, 0.298828125], [2.6, 152, 0.3859375], [2.0, 153, 0.298828125], [2.0, 153, 0.298828125]]
selected memory:   153

[[2.0, 1392, 2.71875], [2.6, 128, 0.325], [2.0, 760, 1.484375], [2.6, 128, 0.325], [2.0, 444, 0.8671875], [10.400000000000002, 128, 1.3000000000000003], [2.0, 602, 1.17578125], [2.0, 444, 0.8671875], [2.0, 523, 1.021484375], [2.0, 444, 0.8671875], [2.0, 483, 0.943359375], [2.0, 444, 0.8671875], [3.8000000000000003, 463, 1.7181640625], [2.0, 444, 0.8671875], [2.0, 453, 0.884765625], [2.0, 444, 0.8671875], [2.0, 448, 0.875], [2.0, 444, 0.8671875], [2.0, 446, 0.87109375], [2.6, 444, 1.12734375], [2.0, 447, 0.873046875], [2.0, 446, 0.87109375], [2.0, 446, 0.87109375], [2.0, 446, 0.87109375]]
selected memory:   446

[[2.0, 1392, 2.71875], [2.6, 128, 0.325], [2.0, 760, 1.484375], [2.6, 128, 0.325], [2.0, 444, 0.8671875], [10.400000000000002, 128, 1.3000000000000003], [2.0, 602, 1.17578125], [2.0, 444, 0.8671875], [2.0, 523, 1.021484375], [2.0, 444, 0.8671875], [2.0, 483, 0.943359375], [2.0, 444, 0.8671875], [3.8000000000000003, 463, 1.7181640625], [2.0, 444, 0.8671875], [2.0, 453, 0.884765625], [2.0, 444, 0.8671875], [2.0, 448, 0.875], [2.0, 444, 0.8671875], [2.0, 446, 0.87109375], [2.6, 444, 1.12734375], [2.0, 447, 0.873046875], [2.0, 446, 0.87109375], [2.0, 446, 0.87109375], [2.0, 446, 0.87109375], [2.0, 1392, 2.71875], [3.2, 128, 0.4], [2.0, 760, 1.484375], [2.0, 128, 0.25], [2.0, 444, 0.8671875], [2.0, 128, 0.25], [3.2, 286, 0.89375], [2.0, 128, 0.25], [2.0, 207, 0.404296875], [3.8000000000000003, 128, 0.47500000000000003], [2.0, 246, 0.48046875], [2.0, 207, 0.404296875], [2.0, 226, 0.44140625], [2.0, 207, 0.404296875], [13.400000000000002, 216, 2.8265625000000005], [2.0, 207, 0.404296875], [11.600000000000001, 211, 2.3902343750000004], [2.6, 207, 0.5255859375], [2.6, 209, 0.5306640625], [2.0, 207, 0.404296875], [2.0, 208, 0.40625], [5.000000000000001, 207, 1.0107421875000002], [2.0, 208, 0.40625], [2.6, 208, 0.5281250000000001], [2.0, 208, 0.40625], [5.000000000000001, 208, 1.0156250000000002], [2.0, 208, 0.40625], [2.6, 208, 0.5281250000000001], [4.2, 208, 0.853125], [2.0, 208, 0.40625]]
selected memory:   208

------------------------- -------------------------
Memory Intensive function (Hill):

[[8.600000000000001, 2528, 21.231250000000003], [2.0, 2656, 5.1875], [2.0, 2760, 5.390625], [2.0, 2888, 5.640625], [2.0, 2577, 5.033203125], [2.0, 2705, 5.283203125], [2.0, 2371, 4.630859375], [2.0, 2499, 4.880859375], [3.6, 2222, 7.81171875], [2.0, 2350, 4.58984375], [2.0, 2449, 4.783203125], [2.0, 2577, 5.033203125], [2.0, 2292, 4.4765625], [2.0, 2420, 4.7265625], [2.0, 2077, 4.056640625], [2.0, 2205, 4.306640625], [2.0, 1891, 3.693359375], [2.0, 2019, 3.943359375], [2.6, 1714, 4.3519531250000005], [2.0, 1842, 3.59765625], [2.0, 1865, 3.642578125], [2.0, 1993, 3.892578125], [2.0, 1704, 3.328125], [2.0, 1832, 3.578125], [2.0, 1480, 2.890625], [2.0, 1608, 3.140625], [2.0, 1326, 2.58984375], [2.0, 1454, 2.83984375], [6.2, 1104, 6.684375], [2.0, 1232, 2.40625], [7.400000000000001, 1283, 9.2716796875], [2.0, 1411, 2.755859375], [2.0, 1461, 2.853515625], [2.0, 1589, 3.103515625], [2.6, 1315, 3.3388671875], [2.0, 1443, 2.818359375], [2.0, 1511, 2.951171875], [2.0, 1639, 3.201171875], [2.0, 1354, 2.64453125], [2.0, 1482, 2.89453125], [2.0, 1110, 2.16796875], [2.0, 1238, 2.41796875], [2.0, 905, 1.767578125], [2.0, 1033, 2.017578125], [2.0, 753, 1.470703125], [2.0, 881, 1.720703125], [2.0, 620, 1.2109375], [2.0, 748, 1.4609375], [2.0, 416, 0.8125], [2.0, 544, 1.0625], [2.0, 191, 0.373046875], [2.0, 319, 0.623046875]]
selected memory:   128


=================================== ****************** =================================== ******************

SAP Example Function
[[6397.3533, 128.0, 799.6691625], [4605.52, 256.0, 1151.38], [4160.54, 384.0, 1560.2024999999999], [3401.47, 512.0, 1700.735], [2960.4567, 640.0, 1850.2854375000002], [3350.49, 768.0, 2512.8675], [2809.48, 896.0, 2458.295], [2775.5, 1024.0, 2775.5], [3072.18, 1152.0, 3456.2025], [2713.53, 1208.0, 3439.52], [2629.72, 1408.0, 3614.875]]
