Format [duration, memory, duration*memory/1024]

=================================== ===================================
CPU Intensive function (Linear):

[[2071.6, 128, 258.95], [988, 256, 247.0], [690, 384, 258.75], [512, 512, 256.0], [403, 640, 251.875], [350, 768, 262.5], [328, 896, 287.0], [252, 1024, 252.0], [252, 1152, 283.5], [217, 1280, 271.25], [216, 1408, 297.0], [205, 1536, 307.5], [170, 1664, 276.25], [153, 1792, 267.75], [185, 1920, 346.875], [158, 2048, 316.0], [154, 2176, 327.25], [166, 2304, 373.5], [152, 2432, 361.0], [164, 2560, 410.0], [185, 2688, 485.625], [153, 2816, 420.75], [172, 2944, 494.5]]
selected memory:   1792

[[2074.0, 128, 259.25], [1029, 256, 257.25], [661, 384, 247.875], [495, 512, 247.5], [400, 640, 250.0], [346, 768, 259.5], [283, 896, 247.625], [269, 1024, 269.0], [247, 1152, 277.875], [245, 1280, 306.25], [193, 1408, 265.375], [174, 1536, 261.0], [185, 1664, 300.625], [180, 1792, 315.0], [181, 1920, 339.375], [166, 2048, 332.0], [155, 2176, 329.375], [172, 2304, 387.0], [167, 2432, 396.625], [154, 2560, 385.0], [182, 2688, 477.75], [156, 2816, 429.0], [155, 2944, 445.625], [163, 3072, 489.0], [161, 3200, 503.125], [163, 3328, 529.75]]
selected memory:   2176

------------------------- ------------------------- -------------------------
CPU Intensive function (Binary):

[[167.4, 5184, 847.4625], [2060.3999999999996, 128, 257.54999999999995], [2010.2, 7712, 15139.31875], [152.0, 5184, 769.5], [2056.0, 6448, 12946.375], [2032.2, 5184, 10288.0125], [173.8, 5816, 987.1296875], [170.0, 5184, 860.625], [155.8, 5500, 836.8164062500001], [151.0, 5184, 764.4375], [158.8, 5342, 828.4273437500001], [177.6, 5184, 899.1], [151.20000000000002, 5421, 800.4445312500001], [150.6, 5342, 785.649609375], [151.20000000000002, 5381, 794.5382812500001], [156.0, 5342, 813.8203125], [165.8, 5401, 874.4978515625], [150.8, 5381, 792.436328125], [155.2, 5391, 817.0734375], [150.6, 5381, 791.3853515625], [152.6, 5386, 802.640234375], [170.60000000000002, 5381, 896.4830078125001], [181.6, 5388, 955.5281249999999], [152.8, 5386, 803.6921875], [176.60000000000002, 5387, 929.0470703125001], [172.4, 5184, 872.775], [2072.6, 128, 259.075], [154.2, 7712, 1161.31875], [156.60000000000002, 5184, 792.7875000000001], [151.4, 8976, 1327.1156250000001], [150.2, 7712, 1131.19375], [153.2, 8344, 1248.3406249999998], [150.6, 7712, 1134.20625], [180.0, 8028, 1411.171875], [152.4, 7712, 1147.7625], [153.2, 7870, 1177.42578125], [151.60000000000002, 7712, 1141.7375000000002], [153.4, 7791, 1167.1283203125001], [178.0, 7712, 1340.5625], [151.20000000000002, 7830, 1156.1484375000002], [151.4, 7791, 1151.9115234375001], [159.6, 7810, 1217.26171875], [150.6, 7791, 1145.8248046874999], [150.2, 7800, 1144.1015625], [150.6, 7791, 1145.8248046874999], [150.2, 7795, 1143.3681640625], [173.4, 7791, 1319.2962890625001], [151.0, 7797, 1149.7529296875], [161.4, 7795, 1228.6259765625], [154.2, 7798, 1174.2691406249999], [165.2, 7797, 1257.875390625], [163.8, 7799, 1247.5353515625002], [151.4, 7798, 1152.946484375], [144.0, 7798, 1096.59375], [143.0, 7798, 1088.978515625]]
selected memory:   7798

------------------------- ------------------------- -------------------------
CPU Intensive function (Hill):
[[296.4, 872, 252.403125], [262.6, 1000, 256.4453125], [263.0, 1088, 279.4375], [294.0, 872, 250.359375], [270.0, 1000, 263.671875], [278.6, 1123, 305.53496093750005], [213.4, 1251, 260.7064453125], [208.4, 1376, 280.0375], [191.60000000000002, 1504, 281.4125], [206.0, 1597, 321.271484375], [175.8, 1725, 296.1474609375], [166.0, 1740, 282.0703125], [159.2, 1868, 290.415625], [150.8, 1916, 282.16093750000005], [187.6, 2044, 374.46718749999997], [160.6, 1746, 273.835546875], [175.0, 1874, 320.263671875], [228.8, 1498, 334.709375], [167.6, 1626, 266.13046875], [166.60000000000002, 1732, 281.78828125], [160.6, 1860, 291.71484375], [186.2, 1877, 341.30605468749997], [166.6, 2005, 326.2041015625], [166.8, 2101, 342.23320312500005], [161.2, 2229, 350.893359375], [154.0, 2351, 353.568359375], [162.6, 2479, 393.63808593749997], [168.60000000000002, 2179, 358.7689453125], [176.8, 2307, 398.31796875000003]]
selected memory:   2307





=================================== ****************** =================================== ******************
Memory Intensive function (Linear):

[[2.6, 128, 0.325], [2, 256, 0.5], [2, 384, 0.75], [2, 512, 1.0], [2, 640, 1.25], [2, 768, 1.5], [2, 896, 1.75]]
selected memory:   256

[[2.0, 128, 0.25], [7, 256, 1.75], [2, 384, 0.75], [2, 512, 1.0], [2, 640, 1.25], [2, 768, 1.5]]
selected memory:   128

------------------------- ------------------------- -------------------------